OutdoorTemp: 26.000000
OutdoorLightLevel: 510.000000
CO2Level: 702
